Pareto Front Drawing Script
You need to set objective 1 & 2 in the file before usage
0,1.95564,1.9375,1.92929,2,-167.5
1,1.93685,1.88107,1.92929,2,-82.5
2,1.94874,1.91679,1.92929,1.16,-37
3,1.94259,1.8983,1.92929,1.08,-29
4,1.94874,1.91679,1.92929,2,-98.5
5,1.91449,1.81393,1.92929,0,-18.5
6,1.9428,1.89893,1.92929,1.88,-75.5
7,1.9428,1.89893,1.92929,1.48,-50
8,1.94874,1.91679,1.92929,1.76,-68.5
9,1.93685,1.88107,1.92929,1.6,-52.5
10,1.93581,1.87795,1.92929,1,-21
11,1.93147,1.89893,1.89529,1.68,-60.5
12,1.9428,1.89893,1.92929,1.68,-65
13,1.84106,1.72955,1.79314,0,-8
14,1.89639,1.79357,1.89529,0,-10.5
15,1.907,1.79143,1.92929,0,-10.5
16,1.93685,1.88107,1.92929,1.8,-67.5
17,1.93147,1.89893,1.89529,2,-90.5
18,1.88464,1.72429,1.92929,0,-8
19,1.94874,1.91679,1.92929,1.96,-88
20,1.94803,1.91464,1.92929,1.96,-83.5
21,1.93742,1.91679,1.89529,1.96,-83.5
22,1.93685,1.88107,1.92929,1.2,-31.5
23,1.8789,1.70705,1.92929,0,-0
24,1.9428,1.89893,1.92929,1.28,-39.5
25,1.93685,1.88107,1.92929,1.4,-46.5
26,1.87441,1.69357,1.92929,1.4,-42
27,1.94874,1.91679,1.92929,1.56,-58
28,1.94874,1.91679,1.92929,1.36,-52
29,1.94803,1.91464,1.92929,1.36,-47.5
30,1.93742,1.91679,1.89529,1.36,-47.5
