Pareto Front Drawing Script
You need to set objective 1 & 2 in the file before usage
0,1.65738,1.71991,0,-8
1,1.78536,1.73396,0,-26
2,1.88044,1.73396,0,-44.5
3,1.8265,1.89455,0.978849,-137.5
4,1.77821,1.73396,0,-21
5,1.88058,1.81403,0.173005,-104.5
6,1.88654,1.75288,0.156785,-102.5
7,1.82334,1.86158,0.978849,-132.5
8,1.87698,1.73396,1.17319,-135
9,1.85737,1.73396,0,-36.5
10,1.88051,1.86158,0.895562,-110
11,1.88044,1.74809,0,-50
12,1.87636,1.89455,0.943927,-184.5
13,1.59176,1.78106,0,-0
14,1.86597,1.89455,0,-52.5
15,1.71496,1.75288,0.145973,-48.5
16,1.64434,1.89455,0,-8
17,1.80214,1.67281,0,-29
18,1.89141,1.75288,0,-92.5
19,1.71139,1.847,0,-18.5
20,1.87452,1.81403,0,-39.5
21,1.80575,1.89455,0,-31.5
22,1.88122,1.81403,0.888402,-119.5
23,1.83821,1.89455,0.860639,-164.5
24,1.87598,1.81403,0.173005,-89.5
25,1.87097,1.89455,0.844018,-149.5
26,1.65762,1.11213,0,-8
27,1.72976,1.81403,0,-18.5
28,1.78201,1.81403,0,-29
29,1.88051,1.26738,0.986301,-95
30,1.85678,1.67281,0.162192,-49.5
31,1.77402,1.71512,0.162192,-46.5
32,1.88075,1.75288,0,-52.5
33,1.87694,1.78106,0.145973,-50
34,1.82253,1.63984,0.145973,-44.5
35,1.74495,1.81403,0,-26.5
36,1.8804,1.81403,0,-44.5
37,1.74531,1.76693,0,-26.5
38,1.64434,1.89455,0.145973,-53
39,1.74385,1.81403,0,-23.5
40,1.87973,1.86158,0,-50
41,1.88137,1.86158,1.07328,-143.5
42,1.87183,1.89455,0.145973,-57.5
43,1.87183,1.86158,0.173005,-70
44,1.86245,1.84745,0,-47.5
45,1.87384,1.86158,0.173005,-92.5
46,1.84833,1.84745,0,-31.5
47,1.82935,1.847,0.911781,-109.5
48,1.63106,1.78106,0,-5
49,1.7002,1.81403,0,-10.5
50,1.70583,1.76693,0,-10.5
51,1.89007,1.74809,0.156785,-62.5
52,1.88055,1.22037,0.895562,-100
53,1.87238,1.89455,0,-77.5
54,1.87837,1.70099,0.145973,-50
55,1.74602,1.71983,0.156785,-41.5
56,1.78557,1.76693,0,-29
57,1.88044,1.86158,0,-65
58,1.88099,1.75288,0,-87.5
59,1.87973,1.81403,1.04037,-95
60,1.88971,1.73396,0,-47.5
61,1.87546,1.73396,1.17319,-130
62,1.72972,1.89455,0,-26.5
63,1.87427,1.89455,0.173005,-107.5
64,1.80213,1.68686,0,-26
65,1.88058,1.78106,0.173005,-59.5
66,1.76678,1.67281,0.156785,-44
67,1.85883,1.70578,0.13516,-49.5
68,1.74166,1.81403,0,-21
69,1.71101,1.81403,0,-15.5
70,1.84191,1.63984,0.183817,-80
71,1.83078,1.89455,0.749589,-128.5
72,1.62744,1.63984,0,-0
73,1.82493,1.24854,0.145973,-44.5
74,1.87734,1.89455,0,-82.5
75,1.85619,1.89455,0,-39.5
76,1.7872,1.68686,0,-21
